Load input files
wait a few minutes
Finish Training
Input : 
[[ 6.00000000e-01  1.00000000e+01  1.42725222e-01  4.89028231e-01
   0.00000000e+00  2.71385380e-01  4.21891588e-01  9.76494805e-01
   2.35051953e-02  8.50000000e+00  1.00000000e+00  2.00000000e+00]
 [ 6.00000000e-01  1.00000000e+00  0.00000000e+00  3.28794814e-02
   2.42895659e-02  3.69126782e-02  3.50825157e-02  9.62870349e-01
   3.71296515e-02  7.30000000e+00  1.00000000e+00  2.00000000e+00]
 [ 6.00000000e-01  1.00000000e+01  1.22369777e-03  1.87805141e-01
   0.00000000e+00  6.66482510e-02  3.93540293e-02  9.78620682e-01
   2.13793177e-02  7.80000000e+00  1.00000000e+00  2.00000000e+00]
 [ 6.00000000e-01  1.00000000e+01  0.00000000e+00  9.46093566e-02
   2.06887208e-03  7.62807362e-02  6.05906386e-02  9.50571395e-01
   4.94286045e-02  6.20000000e+00  0.00000000e+00  0.00000000e+00]
 [ 6.00000000e-01  1.00000000e+00  0.00000000e+00  4.15804096e-03
   0.00000000e+00  3.61759019e-02  1.68615088e-02  9.54950913e-01
   4.50490872e-02  5.70000000e+00 -1.00000000e+00  0.00000000e+00]
 [ 6.00000000e-01  1.00000000e+00  2.20864129e-03  0.00000000e+00
   0.00000000e+00  1.22355809e-01  1.44423355e-01  9.63386890e-01
   3.66131103e-02  6.70000000e+00  0.00000000e+00  0.00000000e+00]
 [ 6.00000000e-01  1.00000000e+01  1.19378772e-02  8.76596532e-02
   0.00000000e+00  5.03449825e-02  2.45005630e-02  9.70489459e-01
   2.95105412e-02  7.80000000e+00  0.00000000e+00  2.00000000e+00]
 [ 6.00000000e-01  1.00000000e+00  0.00000000e+00  0.00000000e+00
   0.00000000e+00  2.50530826e-02  2.91947885e-02  9.48367141e-01
   5.16328586e-02  7.50000000e+00  0.00000000e+00  2.00000000e+00]
 [ 5.00000000e-02  1.00000000e+01  2.30730008e-02  4.86506532e-05
   0.00000000e+00  4.63842008e-02  1.84185298e-02  9.54979758e-01
   4.50202418e-02  7.70000000e+00  1.00000000e+00  2.00000000e+00]
 [ 5.00000000e-02  1.00000000e+00  3.85622653e-02  8.99163969e-03
   6.60959098e-05  2.80417084e-02  1.19022036e-02  9.82294214e-01
   1.77057863e-02  8.10000000e+00  0.00000000e+00  1.00000000e+00]
 [ 6.00000000e-01  1.00000000e+01  7.47570486e-03  5.99118485e-03
   0.00000000e+00  3.88523252e-02  3.71381695e-02  9.77659137e-01
   2.23408625e-02  7.10000000e+00  0.00000000e+00  2.00000000e+00]
 [ 6.00000000e-01  1.00000000e+01  4.19240140e-01  3.27652345e-02
   1.14125504e-02  1.55030682e-02  2.06498311e-02  8.86873092e-01
   1.13126908e-01  7.00000000e+00  1.00000000e+00  1.00000000e+00]
 [ 1.00000000e-01  1.00000000e+00  3.40435615e-01  2.74306745e-02
   6.77042436e-04  1.79668885e-02  6.63406788e-03  9.66331314e-01
   3.36686857e-02  7.60000000e+00  0.00000000e+00  2.00000000e+00]
 [ 6.00000000e-01  1.00000000e+01  5.14094476e-03  1.01301339e-02
   0.00000000e+00  1.70505421e-02  1.71092167e-02  9.03629800e-01
   9.63701997e-02  5.40000000e+00  0.00000000e+00  0.00000000e+00]
 [ 5.00000000e-02  1.00000000e+01  6.04729011e-03  9.02779646e-04
   0.00000000e+00  2.30876698e-02  1.67785105e-02  9.81064649e-01
   1.89353506e-02  6.70000000e+00 -1.00000000e+00  0.00000000e+00]
 [ 1.00000000e-01  1.00000000e+00  0.00000000e+00  1.71075014e-02
   7.87656304e-01  2.51465488e-02  1.26446839e-02  9.72514454e-01
   2.74855455e-02  7.80000000e+00  1.00000000e+00  2.00000000e+00]
 [ 1.00000000e-01  1.00000000e+00  1.41509581e-03  4.92296384e-04
   6.87837100e-03  3.39416146e-02  1.65899952e-02  9.58736077e-01
   4.12639233e-02  5.40000000e+00  0.00000000e+00  0.00000000e+00]
 [ 1.00000000e-01  1.00000000e+00  0.00000000e+00  0.00000000e+00
   5.83696985e-03  2.63609065e-02  3.41727521e-02  9.62924872e-01
   3.70751280e-02  6.70000000e+00 -1.00000000e+00  2.00000000e+00]
 [ 6.00000000e-01  1.00000000e+00  5.14505554e-04  0.00000000e+00
   1.19047326e-01  2.80968134e-02  3.21589191e-02  6.72596120e-01
   3.27403880e-01  6.20000000e+00  0.00000000e+00  1.00000000e+00]
 [ 5.00000000e-02  1.00000000e+00  0.00000000e+00  0.00000000e+00
   4.20669020e-02  1.44108929e-02  3.90413383e-03  9.22962882e-01
   7.70371184e-02  6.80000000e+00  1.00000000e+00  2.00000000e+00]]
Actual Output: 
[[0.14311911]
 [0.09410896]
 [0.05485131]
 [0.09149381]
 [0.03704818]
 [0.05973991]
 [0.05527529]
 [0.0407266 ]
 [0.08683494]
 [0.06310493]
 [0.04350631]
 [0.0274537 ]
 [0.02382147]
 [0.0112171 ]
 [0.045671  ]
 [0.03033682]
 [0.02554102]
 [0.01776697]
 [0.02080164]
 [0.02758094]]
Predicted Output: 
[[0.14531395]
 [0.09621299]
 [0.05665951]
 [0.09575409]
 [0.0334808 ]
 [0.06094093]
 [0.05728177]
 [0.04562996]
 [0.08961595]
 [0.06501841]
 [0.03965914]
 [0.03162413]
 [0.02161761]
 [0.01571544]
 [0.04874881]
 [0.03178843]
 [0.03100744]
 [0.01919731]
 [0.0203558 ]
 [0.02990932]]
Loss: 
9.53549892792609e-06


[[0.18825691]
 [0.02164951]
 [0.04197291]
 [0.03421558]
 [0.00387204]
 [0.03393717]
 [0.0334528 ]
 [0.02986764]
 [0.04054422]]