Load input files
wait a few minutes
There are  150000  rounds
Finish Training
Input : 
[[ 5.25000000e-01  1.00000000e+01  9.29479162e-02  3.38873394e-01
   0.00000000e+00  2.29099347e-01  3.65712664e-01  9.76494805e-01
   2.35051953e-02  8.50000000e+00  1.00000000e+00  2.00000000e+00]
 [ 5.25000000e-01  1.00000000e+00  0.00000000e+00  2.27839228e-02
   1.07222337e-02  3.11611130e-02  3.04109412e-02  9.62870349e-01
   3.71296515e-02  7.30000000e+00  1.00000000e+00  2.00000000e+00]
 [ 5.25000000e-01  1.00000000e+01  7.96917017e-04  1.30140065e-01
   0.00000000e+00  5.62634244e-02  3.41136616e-02  9.78620682e-01
   2.13793177e-02  7.80000000e+00  1.00000000e+00  2.00000000e+00]
 [ 5.25000000e-01  1.00000000e+01  0.00000000e+00  6.55598015e-02
   9.13269922e-04  6.43950196e-02  5.25224121e-02  9.50571395e-01
   4.94286045e-02  6.20000000e+00  0.00000000e+00  0.00000000e+00]
 [ 5.25000000e-01  1.00000000e+00  0.00000000e+00  2.88132538e-03
   0.00000000e+00  3.05391378e-02  1.46162366e-02  9.54950913e-01
   4.50490872e-02  5.70000000e+00 -1.00000000e+00  0.00000000e+00]
 [ 5.25000000e-01  1.00000000e+00  1.43834848e-03  0.00000000e+00
   0.00000000e+00  1.03290884e-01  1.25191996e-01  9.63386890e-01
   3.66131103e-02  6.70000000e+00  0.00000000e+00  0.00000000e+00]
 [ 5.25000000e-01  1.00000000e+01  7.77438489e-03  6.07439864e-02
   0.00000000e+00  4.25004569e-02  2.12380773e-02  9.70489459e-01
   2.95105412e-02  7.80000000e+00  0.00000000e+00  2.00000000e+00]
 [ 5.25000000e-01  1.00000000e+00  0.00000000e+00  0.00000000e+00
   0.00000000e+00  2.11494255e-02  2.53072215e-02  9.48367141e-01
   5.16328586e-02  7.50000000e+00  0.00000000e+00  2.00000000e+00]
 [ 2.50000000e-02  1.00000000e+01  1.50259871e-02  3.37125976e-05
   0.00000000e+00  3.91568260e-02  1.59659254e-02  9.54979758e-01
   4.50202418e-02  7.70000000e+00  1.00000000e+00  2.00000000e+00]
 [ 7.50000000e-02  1.00000000e+00  2.51131661e-02  6.23078028e-03
   2.91769641e-05  2.36723773e-02  1.03173107e-02  9.82294214e-01
   1.77057863e-02  8.10000000e+00  0.00000000e+00  1.00000000e+00]
 [ 5.25000000e-01  1.00000000e+01  4.86845408e-03  4.15160724e-03
   0.00000000e+00  3.27985330e-02  3.21928649e-02  9.77659137e-01
   2.23408625e-02  7.10000000e+00  0.00000000e+00  2.00000000e+00]
 [ 5.25000000e-01  1.00000000e+01  2.73024605e-01  2.27047551e-02
   5.03788472e-03  1.30874508e-02  1.79001074e-02  8.86873092e-01
   1.13126908e-01  7.00000000e+00  1.00000000e+00  1.00000000e+00]
 [ 1.50000000e-01  1.00000000e+00  2.21704199e-01  1.90081578e-02
   2.98869369e-04  1.51673698e-02  5.75067791e-03  9.66331314e-01
   3.36686857e-02  7.60000000e+00  0.00000000e+00  2.00000000e+00]
 [ 5.25000000e-01  1.00000000e+01  3.34797239e-03  7.01970281e-03
   0.00000000e+00  1.43938044e-02  1.48309599e-02  9.03629800e-01
   9.63701997e-02  5.40000000e+00  0.00000000e+00  0.00000000e+00]
 [ 5.00000000e-02  1.00000000e+01  3.93821784e-03  6.25583521e-04
   0.00000000e+00  1.94902544e-02  1.45442904e-02  9.81064649e-01
   1.89353506e-02  6.70000000e+00 -1.00000000e+00  0.00000000e+00]
 [ 1.50000000e-01  1.00000000e+00  0.00000000e+00  1.18546879e-02
   3.47698062e-01  2.12283282e-02  1.09609226e-02  9.72514454e-01
   2.74855455e-02  7.80000000e+00  1.00000000e+00  2.00000000e+00]
 [ 5.00000000e-02  1.00000000e+00  9.21562463e-04  3.41138069e-04
   3.03634498e-03  2.86529869e-02  1.43808777e-02  9.58736077e-01
   4.12639233e-02  5.40000000e+00  0.00000000e+00  0.00000000e+00]
 [ 5.00000000e-02  1.00000000e+00  0.00000000e+00  0.00000000e+00
   2.57663539e-03  2.22534702e-02  2.96223214e-02  9.62924872e-01
   3.70751280e-02  6.70000000e+00 -1.00000000e+00  2.00000000e+00]
 [ 5.25000000e-01  1.00000000e+00  3.35064948e-04  0.00000000e+00
   5.25515054e-02  2.37188960e-02  2.78766496e-02  6.72596120e-01
   3.27403880e-01  6.20000000e+00  0.00000000e+00  1.00000000e+00]
 [ 1.25000000e-01  1.00000000e+00  0.00000000e+00  0.00000000e+00
   1.85697496e-02  1.21654532e-02  3.38426084e-03  9.22962882e-01
   7.70371184e-02  6.80000000e+00  1.00000000e+00  2.00000000e+00]
 [ 5.00000000e-02  1.00000000e+00  2.12561177e-04  4.29437165e-03
   2.44787656e-03  1.29289002e-02  7.08865447e-03  9.20783667e-01
   7.92163331e-02  6.90000000e+00  0.00000000e+00  2.00000000e+00]
 [ 5.25000000e-01  1.00000000e+00  1.53450966e-04  3.15402834e-03
   6.77038190e-05  1.61915881e-02  1.45119425e-02  8.39977098e-01
   1.60022902e-01  6.30000000e+00  0.00000000e+00  0.00000000e+00]
 [ 5.25000000e-01  1.00000000e+00  4.10473301e-03  2.73602702e-04
   7.01025191e-04  1.68969926e-03  7.91966117e-04  9.41390300e-01
   5.86097002e-02  6.60000000e+00  1.00000000e+00  0.00000000e+00]
 [ 1.25000000e-01  1.00000000e+00  6.00666832e-02  0.00000000e+00
   1.44132877e-03  5.81535012e-04  1.87394800e-04  9.54235845e-01
   4.57641550e-02  7.00000000e+00  1.00000000e+00  2.00000000e+00]
 [ 1.50000000e-01  1.00000000e+00  0.00000000e+00  4.90264900e-06
   6.87338543e-05  3.65997611e-03  1.58560540e-03  9.42467827e-01
   5.75321726e-02  7.30000000e+00  1.00000000e+00  2.00000000e+00]
 [ 5.25000000e-01  1.00000000e+01  0.00000000e+00  1.33477832e-03
   6.68417724e-06  5.20491217e-02  6.67778022e-02  9.50242007e-01
   4.97579931e-02  7.10000000e+00  0.00000000e+00  1.00000000e+00]
 [ 1.25000000e-01  1.00000000e+00  2.34595044e-01  3.47959545e-06
   5.40380682e-01  6.19920740e-04  1.81817573e-04  9.55640353e-01
   4.43596470e-02  6.90000000e+00  0.00000000e+00  2.00000000e+00]
 [ 5.25000000e-01  1.00000000e+00  0.00000000e+00  1.30147878e-01
   1.88916422e-04  2.52557974e-03  1.52035186e-03  9.48767350e-01
   5.12326505e-02  6.10000000e+00  0.00000000e+00  0.00000000e+00]
 [ 5.25000000e-01  1.00000000e+00  4.85795988e-03  3.39696653e-07
   1.18066486e-02  1.74452904e-02  1.71594518e-02  9.21211109e-01
   7.87888911e-02  5.60000000e+00  0.00000000e+00  2.00000000e+00]
 [ 5.25000000e-01  1.00000000e+01  2.12561177e-04  4.27394394e-03
   0.00000000e+00  3.82267389e-03  1.71220844e-03  9.73095849e-01
   2.69041506e-02  6.70000000e+00  1.00000000e+00  0.00000000e+00]
 [ 5.25000000e-01  1.00000000e+00  1.49553118e-03  3.68681041e-04
   4.05559801e-05  4.25381559e-03  2.88231049e-03  9.71329259e-01
   2.86707414e-02  7.10000000e+00  0.00000000e+00  1.00000000e+00]
 [ 5.25000000e-01  1.00000000e+00  3.78704775e-02  1.72325633e-02
   9.71305557e-04  5.77377424e-03  1.00780477e-03  9.49437290e-01
   5.05627103e-02  7.00000000e+00  0.00000000e+00  2.00000000e+00]
 [ 1.50000000e-01  1.00000000e+00  3.05188592e-05  2.33829732e-03
   0.00000000e+00  5.87896816e-04  1.26547262e-03  9.34995763e-01
   6.50042368e-02  7.90000000e+00  0.00000000e+00  2.00000000e+00]
 [ 1.50000000e-01  1.00000000e+00  1.29539172e-03  7.00757472e-04
   1.51839574e-04  7.36950170e-04  3.77020490e-04  5.93106261e-01
   4.06893739e-01  4.50000000e+00  0.00000000e+00  0.00000000e+00]
 [ 1.50000000e-01  1.00000000e+00  0.00000000e+00  6.51207666e-05
   4.94151674e-05  1.35974795e-03  5.67761625e-04  9.07041470e-01
   9.29585305e-02  5.60000000e+00 -1.00000000e+00  0.00000000e+00]
 [ 1.25000000e-01  1.00000000e+00  0.00000000e+00  7.37747683e-03
   1.94468887e-05  6.09311329e-04  1.20468085e-04  9.66338764e-01
   3.36612358e-02  6.20000000e+00  0.00000000e+00  0.00000000e+00]
 [ 7.50000000e-02  1.00000000e+00  3.86829217e-03  7.07193347e-04
   2.04503994e-05  8.64874295e-03  5.82764363e-03  9.35187504e-01
   6.48124961e-02  7.40000000e+00  0.00000000e+00  2.00000000e+00]
 [ 7.50000000e-02  1.00000000e+00  0.00000000e+00  9.90702337e-04
   1.87364738e-04  5.39071184e-03  5.33796317e-03  9.30845921e-01
   6.91540785e-02  7.50000000e+00  1.00000000e+00  2.00000000e+00]
 [ 5.25000000e-01  1.00000000e+00  0.00000000e+00  1.23711205e-01
   1.62904716e-05  8.61597112e-03  1.41326911e-03  9.12597865e-01
   8.74021352e-02  5.80000000e+00  0.00000000e+00  0.00000000e+00]
 [ 1.25000000e-01  1.00000000e+00  0.00000000e+00  1.00680579e-02
   0.00000000e+00  8.32423404e-03  2.84271218e-03  9.59166106e-01
   4.08338942e-02  6.60000000e+00  1.00000000e+00  0.00000000e+00]]
Actual Output: 
[[0.03267151]
 [0.02148338]
 [0.01252156]
 [0.02088639]
 [0.00845743]
 [0.01363754]
 [0.01261835]
 [0.00929715]
 [0.01982285]
 [0.01440572]
 [0.0099317 ]
 [0.00626718]
 [0.00543801]
 [0.00256066]
 [0.01042587]
 [0.00692535]
 [0.00583056]
 [0.00405588]
 [0.00474864]
 [0.00629623]
 [0.05200162]
 [0.01578317]
 [0.07179918]
 [0.06541758]
 [0.01257927]
 [0.0130936 ]
 [0.07935919]
 [0.04900172]
 [0.03180116]
 [0.07142616]
 [0.05220707]
 [0.03701981]
 [0.01847977]
 [0.02840427]
 [0.05266546]
 [0.06625967]
 [0.02146415]
 [0.0218754 ]
 [0.00641207]
 [0.00466773]]
Predicted Output: 
[[0.03010776]
 [0.01690183]
 [0.01519128]
 [0.01073592]
 [0.00770061]
 [0.00603145]
 [0.01116241]
 [0.01299113]
 [0.01542353]
 [0.01164587]
 [0.00928723]
 [0.01226379]
 [0.0066719 ]
 [0.0101018 ]
 [0.01008983]
 [0.00451232]
 [0.00943503]
 [0.0004055 ]
 [0.00120493]
 [0.00798973]
 [0.04404269]
 [0.01153627]
 [0.06630972]
 [0.04657265]
 [0.01806046]
 [0.01128432]
 [0.07287755]
 [0.03093477]
 [0.03049909]
 [0.05705812]
 [0.04739993]
 [0.02814454]
 [0.01010173]
 [0.02399414]
 [0.04670532]
 [0.04892596]
 [0.02278872]
 [0.01748187]
 [0.01476497]
 [0.00539478]]
Loss: 
5.191780423049117e-05


[[0.03808875]
 [0.00108803]
 [0.01230282]
 [0.25121093]
 [0.00992992]
 [0.01020188]
 [0.01438938]
 [0.47667612]
 [0.01419485]]
[array([2387.99702805]), array([68.21439644]), array([771.33234311]), array([15749.81913394]), array([622.56209968]), array([639.61293062]), array([902.15052048]), array([29885.49289784]), array([889.95461362])]
<class 'list'>